160
9728 8896
1094 4216
273 8487
6772 959
6504 3649
5292 6406
6104 8003
8140 6321
708 4726
5164 41
3747 5415
7826 2494
5665 4687
354 3135
2343 8390
8362 3753
5707 8627
1469 7901
7450 9032
5213 517
6358 7932
3710 1095
4635 1160
8953 2826
1142 7686
4831 6153
2280 1062
687 679
5047 6931
5258 658
1669 5734
6884 7386
1669 4265
3165 2196
3084 1823
4689 3642
6565 3522
2797 2325
6216 365
1555 4606
7051 7564
3264 2945
3384 9008
2139 8323
9281 1079
5057 1669
914 9851
4431 2073
7943 1946
5967 7013
542 4326
2072 5142
5357 3917
1327 6423
7911 7084
370 1666
5531 2336
6422 726
1550 6749
3422 9898
1450 6083
8320 7585
182 4157
1715 1102
88 7020
2012 5833
5432 8531
2969 851
663 6292
3197 5430
96 3916
2397 3345
5070 4730
2618 7219
9039 1845
48 8133
8791 2879
1502 9997
7352 2132
3720 7088
9520 1288
8554 7848
9443 4800
4493 3158
1802 7039
7422 6026
6460 3524
2301 7233
1085 1154
820 4782
9733 1921
7961 1244
1010 3315
6181 674
9152 5625
5862 5368
8423 8534
737 1353
342 9092
2492 9946
6095 1766
2604 9530
8467 8638
4554 1946
1455 7232
6811 415
9751 1271
144 2310
1970 1223
3515 3255
7318 6546
596 2301
2070 8990
523 2053
3673 199
1550 7349
3949 2529
7997 9135
891 3121
6828 1589
2685 5037
4265 1295
1293 416
8319 8827
5232 5187
2554 6021
9667 9641
6347 5272
6500 6569
6062 8595
8292 4209
523 831
6540 3368
2442 3744
4590 5365
8299 9594
3741 1391
4740 9238
5408 6549
2940 389
5746 9167
232 4660
7326 5252
275 992
6377 5469
6787 3196
3600 8346
4234 8577
3668 4772
5435 8598
8195 4898
9646 4880
521 6800
2149 699
5383 1388
3200 2073
3699 7411
5837 2267
9199 3789
6580 6126
115
69 3
104 5
91 6
52 79
156 137
153 20
145 31
49 58
23 69
88 27
80 35
3 137
88 84
147 112
155 7
11 27
101 68
158 154
58 51
45 98
39 153
144 149
56 100
18 4
108 106
2 51
6 109
103 60
133 97
147 118
22 145
28 150
72 31
7 55
32 107
38 55
143 118
3 34
129 134
29 18
86 108
19 55
86 5
94 52
65 159
100 42
70 156
106 89
85 27
138 4
53 21
70 148
26 6
27 64
18 45
25 140
159 117
18 79
138 148
113 57
54 116
110 85
82 17
31 75
147 98
48 105
98 123
22 67
113 82
128 57
84 128
47 152
142 75
40 99
41 98
40 116
42 41
87 125
132 53
32 148
12 90
32 47
141 99
61 76
61 1
25 148
144 9
39 32
139 119
29 92
27 55
42 108
71 101
106 109
35 147
88 125
71 76
35 93
128 118
68 117
5 29
143 89
140 46
104 75
126 33
120 97
40 59
32 137
148 82
13 10
119 146
44 141
140 31
160 59
1 28